0.208333
0.416667
0.625000
0.833333
1.041667
1.250000
1.458333
1.666667
1.875000
2.083333
2.291667
2.500000
2.708333
2.916667
3.125000
3.333333
3.541667
3.750000
3.958333
4.166667
4.375000
4.583333
4.791667
5.000000
5.277778
5.555556
5.833333
6.111111
6.388889
6.666667
6.944444
7.222222
7.500000
7.777778
8.055556
8.333333
8.611111
8.888889
9.166667
9.444444
9.722222
10.000000
10.357143
10.714286
11.071429
11.428571
11.785714
12.142857
12.500000
12.857143
13.214286
13.571429
13.928571
14.285714
14.642857
15.000000
15.357143
15.714286
16.071429
16.428571
16.785714
17.142857
17.500000
17.857143
18.214286
18.571429
18.928571
19.285714
19.642857
20.000000
20.357143
20.714286
21.071429
21.428571
21.785714
22.142857
22.500000
22.857143
23.214286
23.571429
23.928571
24.285714
24.642857
25.000000
25.357143
25.714286
26.071429
26.428571
26.785714
27.142857
27.500000
27.857143
28.214286
28.571429
28.928571
29.285714
29.642857
30.000000
30.357143
30.714286
31.071429
31.428571
31.785714
32.142857
32.500000
32.857143
33.214286
33.571429
33.928571
34.285714
34.642857
35.000000
35.357143
35.714286
36.071429
36.428571
36.785714
37.142857
37.500000
37.857143
38.214286
38.571429
38.928571
39.285714
39.642857
40.000000
40.357143
40.714286
41.071429
41.428571
41.785714
42.142857
42.500000
42.857143
43.214286
43.571429
43.928571
44.285714
44.642857
45.000000
45.357143
45.714286
46.071429
46.428571
46.785714
47.142857
47.500000
47.857143
48.214286
48.571429
48.928571
49.285714
49.642857
50.000000
50.357143
50.714286
51.071429
51.428571
51.785714
52.142857
52.500000
52.857143
53.214286
53.571429
53.928571
54.285714
54.642857
55.000000
55.357143
55.714286
56.071429
56.428571
56.785714
57.142857
57.500000
57.857143
58.214286
58.571429
58.928571
59.285714
59.642857
60.000000
60.357143
60.714286
61.071429
61.428571
61.785714
62.142857
62.500000
62.857143
63.214286
63.571429
63.928571
64.285714
64.642857
65.000000
65.357143
65.714286
66.071429
66.428571
66.785714
67.142857
67.500000
67.857143
68.214286
68.571429
68.928571
69.285714
69.642857
70.000000
70.357143
70.714286
71.071429
71.428571
71.785714
72.142857
72.500000
72.857143
73.214286
73.571429
73.928571
74.285714
74.642857
75.000000
75.357143
75.714286
76.071429
76.428571
76.785714
77.142857
77.500000
77.857143
78.214286
78.571429
78.928571
79.285714
79.642857
80.000000
80.357143
80.714286
81.071429
81.428571
81.785714
82.142857
82.500000
82.857143
83.214286
83.571429
83.928571
84.285714
84.642857
85.000000
85.357143
85.714286
86.071429
86.428571
86.785714
87.142857
87.500000
87.857143
88.214286
88.571429
88.928571
89.285714
89.642857
90.000000
90.357143
90.714286
91.071429
91.428571
91.785714
92.142857
92.500000
92.857143
93.214286
93.571429
93.928571
94.285714
94.642857
95.000000
95.357143
95.714286
96.071429
96.428571
96.785714
97.142857
97.500000
97.857143
98.214286
98.571429
98.928571
99.285714
99.642857
100.000000
100.357143
100.714286
101.071429
101.428571
101.785714
102.142857
102.500000
102.857143
103.214286
103.571429
103.928571
104.285714
104.642857
105.000000
105.357143
105.714286
106.071429
106.428571
106.785714
107.142857
107.500000
107.857143
108.214286
108.571429
108.928571
109.285714
109.642857
110.000000
110.357143
110.714286
111.071429
111.428571
111.785714
112.142857
112.500000
112.857143
113.214286
113.571429
113.928571
114.285714
114.642857
115.000000
115.357143
115.714286
116.071429
116.428571
116.785714
117.142857
117.500000
117.857143
118.214286
118.571429
118.928571
119.285714
119.642857
120.000000
